3
714
140
195
976
974
877
956
515
273
90
30
242
979
82
676
732
465
565
3
333
268
735
404
144
92
864
591
472
35
56
196
198
713
260
417
461
3
212
458
604
439
100
789
301
668
91
989
456
796
3
341
996
396
530
3
365
634
581
488
3
628
790
665
101
912
143
258
283
688
305
801
188
939
772
51
863
23
681
756
788
2
337
200
627
89
782
580
598
3
983
134
466
836
918
3
28
520
154
909
3
834
643
593
563
569
3
272
611
916
200
627
89
782
580
598
3
983
134
466
836
918
3
28
520
154
909
3
834
643
593
563
569
3
272
611
916
3
